2 2
0 1
1 0

5 12
0 1
1 0
1 2
1 3
2 1
2 3
2 4
3 1
3 2
3 4
4 2
4 3


7 20
0 1
1 0
1 2
1 3
2 1
2 3
2 4
2 5
3 1
3 2
3 4
3 6
4 2
4 3
4 5
4 6
5 2
5 4
6 3
6 4



9 34
0 1
1 0
1 2
1 4
1 6
1 8
2 1
2 3
2 5
2 7
3 2
3 4
3 6
3 8
4 1 
4 3
4 5
4 7
5 2
5 4
5 6
5 8
6 1
6 3
6 5
6 7
7 2
7 4
7 6
7 8
8 1
8 3
8 5
8 7




10 32
0 1
1 0
1 2
1 3
2 1
2 3
2 4
2 5
3 1
3 2
3 4
3 5
4 2
4 3
4 6
4 7
5 2
5 3
5 6
5 7
6 4
6 5
6 8
6 9
7 4
7 5
7 8
7 9
8 6
8 7
9 6
9 7


9 28
0 1
1 0
1 2
1 6
2 1
2 3
3 2
3 4
3 7
3 8
4 3
4 5
4 7
4 8
5 4
5 6
5 7
5 8
6 1
6 5
7 3
7 4
7 5
7 8
8 3
8 4
8 5
8 7







8 18
0 1
1 0
1 2
1 3
2 1
2 4
3 1
3 4
4 2
4 3
4 5
4 6
5 4
5 7
6 4
6 7
7 5
7 6


8 24
0 1
1 0
1 2
1 3
2 1
2 3
2 4
2 5
3 1
3 2
3 4
3 5
4 2
4 3
5 2
5 3
4 6
4 7
5 6
5 7
6 4
6 5
7 4
7 5






6
22
0 1
1 0
1 2
1 3
1 4
1 5
2 1
2 3
2 4
2 5
3 1
3 2
3 4
3 5
4 1
4 2
4 3
4 5
5 1
5 2
5 3
5 4


5
8
0 1
1 0
1 2
2 1
2 3
3 2
3 4
4 3





5
10
0 1
1 0
1 2
2 1
1 4
4 1
2 3
3 2
3 4
4 3




6
22
0 1
1 0
1 2
1 3
1 4
1 5
2 1
2 3
2 4
2 5
3 1
3 2
3 4
3 5
4 1
4 2
4 3
4 5
5 1
5 2
5 3
5 4

















11 28
0 1
1 0
1 2
1 4
2 1
2 3
3 2
3 4
4 3
4 1
2 5
2 6
5 2
5 6
6 2
6 5
3 7
3 8
7 3
7 8
8 3
8 7
4 9
4 10
9 4
9 10
10 4
10 9





6 16
0 1
1 0
1 2
1 3
2 1
2 3
2 4
2 5
3 1
3 2
3 4
3 5
4 2
4 3
5 2
5 3



4 8
0 1
1 0
1 2
1 3
2 1
2 3
3 1
3 2

9 22
0 1
1 0
1 2
1 6
2 1
2 3
3 2
3 4
3 7
3 8
4 3
4 5
5 4
5 6
5 7
5 8
6 1
6 5
7 3
7 5
8 3
8 5


9 28
0 1
1 0
1 2
1 6
2 1
2 3
3 2
3 4
3 7
3 8
4 3
4 5
4 7
4 8
5 4
5 6
5 7
5 8
6 1
6 5
7 3
7 4
7 5
7 8
8 3
8 4
8 5
8 7





11 26
0 1
1 0
1 2
1 3
2 1
2 4
3 1
3 4
4 2
4 3
4 5
4 6
5 4
5 7
6 4
6 7
7 5
7 6
7 8
7 9
8 7
8 10
9 7
9 10
10 8
10 9

9 22
0 1
1 0
1 2
1 6
2 1
2 3
3 2
3 4
3 7
3 8
4 3
4 5
5 4
5 6
5 7
5 8
6 1
6 5
7 3
7 5
8 3
8 5




8 18
0 1
1 0
1 2
1 3
2 1
2 4
3 1
3 4
4 2
4 3
4 5
4 6
5 4
5 7
6 4
6 7
7 5
7 6





14 52
0 1
1 0
1 2
1 3
2 1
2 4
2 6
2 13
3 1
3 4
3 5
3 13
4 2
4 3
4 5
4 6
5 3
5 4
5 7
5 8
6 2
6 4
6 7
6 9
7 5
7 6
7 8
7 9
8 5
8 7
8 10
8 11
9 6
9 7
9 10
9 12
10 8
10 9
10 11
10 12
11 8
11 10
11 13
11 12
12 9
12 10
12 11
12 13
13 2
13 3
13 11
13 12








