100 2948
0 1
1 0
0 8
8 0
0 10
10 0
0 14
14 0
0 27
27 0
0 28
28 0
0 31
31 0
0 34
34 0
0 35
35 0
0 36
36 0
0 39
39 0
0 40
40 0
0 42
42 0
0 45
45 0
0 53
53 0
0 57
57 0
0 60
60 0
0 62
62 0
0 65
65 0
0 66
66 0
0 68
68 0
0 70
70 0
0 73
73 0
0 74
74 0
0 78
78 0
0 79
79 0
0 83
83 0
0 85
85 0
0 87
87 0
0 90
90 0
0 94
94 0
1 2
2 1
1 5
5 1
1 7
7 1
1 9
9 1
1 10
10 1
1 12
12 1
1 14
14 1
1 22
22 1
1 25
25 1
1 26
26 1
1 31
31 1
1 39
39 1
1 47
47 1
1 51
51 1
1 54
54 1
1 60
60 1
1 71
71 1
1 72
72 1
1 74
74 1
1 80
80 1
1 81
81 1
1 85
85 1
1 90
90 1
1 98
98 1
2 5
5 2
2 8
8 2
2 12
12 2
2 15
15 2
2 18
18 2
2 20
20 2
2 23
23 2
2 26
26 2
2 31
31 2
2 32
32 2
2 38
38 2
2 39
39 2
2 41
41 2
2 47
47 2
2 55
55 2
2 56
56 2
2 57
57 2
2 60
60 2
2 63
63 2
2 65
65 2
2 69
69 2
2 72
72 2
2 73
73 2
2 74
74 2
2 77
77 2
2 80
80 2
2 82
82 2
2 85
85 2
2 88
88 2
2 91
91 2
2 97
97 2
2 99
99 2
3 5
5 3
3 16
16 3
3 21
21 3
3 22
22 3
3 26
26 3
3 28
28 3
3 35
35 3
3 38
38 3
3 39
39 3
3 44
44 3
3 45
45 3
3 50
50 3
3 52
52 3
3 53
53 3
3 58
58 3
3 59
59 3
3 60
60 3
3 63
63 3
3 67
67 3
3 68
68 3
3 75
75 3
3 80
80 3
3 86
86 3
3 91
91 3
3 93
93 3
3 94
94 3
3 98
98 3
4 10
10 4
4 14
14 4
4 15
15 4
4 25
25 4
4 35
35 4
4 39
39 4
4 43
43 4
4 46
46 4
4 47
47 4
4 55
55 4
4 57
57 4
4 59
59 4
4 63
63 4
4 67
67 4
4 70
70 4
4 75
75 4
4 81
81 4
4 85
85 4
4 88
88 4
4 91
91 4
4 94
94 4
5 9
9 5
5 13
13 5
5 14
14 5
5 16
16 5
5 20
20 5
5 21
21 5
5 24
24 5
5 25
25 5
5 26
26 5
5 28
28 5
5 32
32 5
5 33
33 5
5 43
43 5
5 45
45 5
5 46
46 5
5 51
51 5
5 52
52 5
5 55
55 5
5 58
58 5
5 62
62 5
5 65
65 5
5 70
70 5
5 73
73 5
5 76
76 5
5 79
79 5
5 81
81 5
5 82
82 5
5 86
86 5
5 89
89 5
5 90
90 5
5 91
91 5
5 94
94 5
5 99
99 5
6 10
10 6
6 14
14 6
6 17
17 6
6 18
18 6
6 23
23 6
6 27
27 6
6 31
31 6
6 33
33 6
6 36
36 6
6 38
38 6
6 40
40 6
6 43
43 6
6 53
53 6
6 57
57 6
6 62
62 6
6 75
75 6
6 76
76 6
6 77
77 6
6 78
78 6
6 79
79 6
6 80
80 6
6 86
86 6
7 9
9 7
7 11
11 7
7 13
13 7
7 16
16 7
7 18
18 7
7 19
19 7
7 20
20 7
7 22
22 7
7 23
23 7
7 28
28 7
7 37
37 7
7 41
41 7
7 43
43 7
7 44
44 7
7 45
45 7
7 55
55 7
7 56
56 7
7 70
70 7
7 71
71 7
7 74
74 7
7 77
77 7
7 79
79 7
7 81
81 7
7 82
82 7
7 84
84 7
7 85
85 7
7 87
87 7
7 96
96 7
7 97
97 7
7 98
98 7
8 10
10 8
8 11
11 8
8 12
12 8
8 15
15 8
8 26
26 8
8 27
27 8
8 29
29 8
8 33
33 8
8 35
35 8
8 36
36 8
8 40
40 8
8 42
42 8
8 44
44 8
8 51
51 8
8 55
55 8
8 59
59 8
8 60
60 8
8 61
61 8
8 64
64 8
8 65
65 8
8 67
67 8
8 69
69 8
8 70
70 8
8 71
71 8
8 75
75 8
8 83
83 8
8 87
87 8
8 93
93 8
8 94
94 8
8 97
97 8
8 98
98 8
9 13
13 9
9 15
15 9
9 16
16 9
9 19
19 9
9 20
20 9
9 31
31 9
9 40
40 9
9 51
51 9
9 53
53 9
9 60
60 9
9 61
61 9
9 74
74 9
9 75
75 9
9 76
76 9
9 78
78 9
9 79
79 9
9 82
82 9
9 83
83 9
9 84
84 9
9 89
89 9
9 95
95 9
10 11
11 10
10 12
12 10
10 17
17 10
10 20
20 10
10 21
21 10
10 23
23 10
10 24
24 10
10 25
25 10
10 26
26 10
10 27
27 10
10 31
31 10
10 44
44 10
10 46
46 10
10 48
48 10
10 49
49 10
10 50
50 10
10 52
52 10
10 53
53 10
10 56
56 10
10 59
59 10
10 62
62 10
10 68
68 10
10 70
70 10
10 73
73 10
10 75
75 10
10 76
76 10
10 77
77 10
10 79
79 10
10 80
80 10
10 81
81 10
10 84
84 10
10 85
85 10
10 89
89 10
10 91
91 10
10 95
95 10
10 97
97 10
11 13
13 11
11 14
14 11
11 16
16 11
11 17
17 11
11 20
20 11
11 21
21 11
11 25
25 11
11 28
28 11
11 30
30 11
11 34
34 11
11 35
35 11
11 40
40 11
11 41
41 11
11 46
46 11
11 55
55 11
11 57
57 11
11 67
67 11
11 70
70 11
11 72
72 11
11 74
74 11
11 76
76 11
11 77
77 11
11 78
78 11
11 81
81 11
11 85
85 11
11 91
91 11
11 93
93 11
11 97
97 11
11 99
99 11
12 16
16 12
12 26
26 12
12 31
31 12
12 32
32 12
12 35
35 12
12 36
36 12
12 46
46 12
12 56
56 12
12 57
57 12
12 64
64 12
12 68
68 12
12 81
81 12
12 90
90 12
12 95
95 12
12 96
96 12
12 97
97 12
13 14
14 13
13 15
15 13
13 16
16 13
13 21
21 13
13 23
23 13
13 26
26 13
13 36
36 13
13 37
37 13
13 38
38 13
13 40
40 13
13 41
41 13
13 50
50 13
13 53
53 13
13 57
57 13
13 58
58 13
13 63
63 13
13 70
70 13
13 77
77 13
13 86
86 13
13 87
87 13
13 89
89 13
13 90
90 13
13 96
96 13
13 97
97 13
14 16
16 14
14 20
20 14
14 23
23 14
14 25
25 14
14 27
27 14
14 34
34 14
14 36
36 14
14 40
40 14
14 43
43 14
14 44
44 14
14 47
47 14
14 48
48 14
14 50
50 14
14 51
51 14
14 66
66 14
14 74
74 14
14 81
81 14
14 82
82 14
14 86
86 14
14 90
90 14
14 97
97 14
14 98
98 14
15 16
16 15
15 20
20 15
15 22
22 15
15 23
23 15
15 25
25 15
15 28
28 15
15 29
29 15
15 33
33 15
15 34
34 15
15 36
36 15
15 38
38 15
15 41
41 15
15 44
44 15
15 47
47 15
15 51
51 15
15 52
52 15
15 54
54 15
15 57
57 15
15 58
58 15
15 59
59 15
15 60
60 15
15 61
61 15
15 74
74 15
15 92
92 15
15 93
93 15
15 96
96 15
15 97
97 15
16 21
21 16
16 22
22 16
16 28
28 16
16 33
33 16
16 37
37 16
16 40
40 16
16 44
44 16
16 48
48 16
16 51
51 16
16 58
58 16
16 66
66 16
16 68
68 16
16 70
70 16
16 76
76 16
16 77
77 16
16 86
86 16
16 92
92 16
16 94
94 16
16 97
97 16
16 98
98 16
17 18
18 17
17 20
20 17
17 23
23 17
17 25
25 17
17 27
27 17
17 30
30 17
17 31
31 17
17 32
32 17
17 35
35 17
17 36
36 17
17 37
37 17
17 45
45 17
17 46
46 17
17 48
48 17
17 49
49 17
17 52
52 17
17 57
57 17
17 64
64 17
17 68
68 17
17 72
72 17
17 73
73 17
17 98
98 17
18 21
21 18
18 23
23 18
18 25
25 18
18 28
28 18
18 36
36 18
18 38
38 18
18 41
41 18
18 43
43 18
18 49
49 18
18 52
52 18
18 57
57 18
18 58
58 18
18 59
59 18
18 64
64 18
18 66
66 18
18 67
67 18
18 68
68 18
18 74
74 18
18 75
75 18
18 79
79 18
18 89
89 18
18 94
94 18
18 99
99 18
19 23
23 19
19 25
25 19
19 26
26 19
19 29
29 19
19 32
32 19
19 36
36 19
19 37
37 19
19 38
38 19
19 40
40 19
19 49
49 19
19 57
57 19
19 59
59 19
19 60
60 19
19 63
63 19
19 65
65 19
19 68
68 19
19 71
71 19
19 73
73 19
19 74
74 19
19 75
75 19
19 81
81 19
19 82
82 19
19 85
85 19
19 86
86 19
19 87
87 19
19 88
88 19
19 89
89 19
19 90
90 19
19 91
91 19
19 97
97 19
19 98
98 19
19 99
99 19
20 21
21 20
20 31
31 20
20 35
35 20
20 36
36 20
20 39
39 20
20 44
44 20
20 45
45 20
20 48
48 20
20 51
51 20
20 53
53 20
20 56
56 20
20 62
62 20
20 64
64 20
20 67
67 20
20 68
68 20
20 69
69 20
20 70
70 20
20 77
77 20
20 79
79 20
20 86
86 20
20 92
92 20
20 94
94 20
20 95
95 20
20 99
99 20
21 29
29 21
21 32
32 21
21 34
34 21
21 36
36 21
21 39
39 21
21 41
41 21
21 46
46 21
21 49
49 21
21 52
52 21
21 54
54 21
21 56
56 21
21 59
59 21
21 61
61 21
21 63
63 21
21 65
65 21
21 70
70 21
21 71
71 21
21 77
77 21
21 79
79 21
21 80
80 21
21 81
81 21
21 85
85 21
21 92
92 21
22 33
33 22
22 34
34 22
22 39
39 22
22 41
41 22
22 44
44 22
22 45
45 22
22 47
47 22
22 48
48 22
22 58
58 22
22 62
62 22
22 63
63 22
22 64
64 22
22 65
65 22
22 67
67 22
22 69
69 22
22 70
70 22
22 71
71 22
22 76
76 22
22 77
77 22
22 79
79 22
22 83
83 22
22 84
84 22
22 85
85 22
22 88
88 22
22 90
90 22
22 93
93 22
22 94
94 22
22 98
98 22
23 24
24 23
23 25
25 23
23 28
28 23
23 30
30 23
23 36
36 23
23 37
37 23
23 41
41 23
23 42
42 23
23 45
45 23
23 48
48 23
23 58
58 23
23 61
61 23
23 62
62 23
23 66
66 23
23 68
68 23
23 70
70 23
23 73
73 23
23 74
74 23
23 76
76 23
23 78
78 23
23 80
80 23
23 82
82 23
23 84
84 23
23 88
88 23
23 91
91 23
23 98
98 23
24 31
31 24
24 33
33 24
24 37
37 24
24 39
39 24
24 40
40 24
24 41
41 24
24 45
45 24
24 50
50 24
24 52
52 24
24 53
53 24
24 57
57 24
24 58
58 24
24 59
59 24
24 62
62 24
24 66
66 24
24 70
70 24
24 76
76 24
24 77
77 24
24 79
79 24
24 81
81 24
24 85
85 24
24 88
88 24
24 90
90 24
24 92
92 24
24 93
93 24
24 96
96 24
25 26
26 25
25 29
29 25
25 40
40 25
25 46
46 25
25 47
47 25
25 49
49 25
25 50
50 25
25 53
53 25
25 56
56 25
25 61
61 25
25 63
63 25
25 64
64 25
25 67
67 25
25 68
68 25
25 69
69 25
25 72
72 25
25 75
75 25
25 77
77 25
25 78
78 25
25 80
80 25
25 83
83 25
25 89
89 25
25 91
91 25
25 94
94 25
25 96
96 25
26 28
28 26
26 30
30 26
26 33
33 26
26 34
34 26
26 37
37 26
26 38
38 26
26 41
41 26
26 47
47 26
26 49
49 26
26 53
53 26
26 55
55 26
26 60
60 26
26 61
61 26
26 65
65 26
26 68
68 26
26 73
73 26
26 74
74 26
26 77
77 26
26 79
79 26
26 80
80 26
26 81
81 26
26 84
84 26
26 87
87 26
26 88
88 26
26 94
94 26
26 95
95 26
27 28
28 27
27 30
30 27
27 37
37 27
27 42
42 27
27 44
44 27
27 51
51 27
27 52
52 27
27 54
54 27
27 63
63 27
27 65
65 27
27 70
70 27
27 72
72 27
27 74
74 27
27 78
78 27
27 82
82 27
27 85
85 27
27 86
86 27
27 87
87 27
27 88
88 27
27 90
90 27
27 99
99 27
28 33
33 28
28 34
34 28
28 37
37 28
28 41
41 28
28 47
47 28
28 49
49 28
28 50
50 28
28 52
52 28
28 55
55 28
28 59
59 28
28 61
61 28
28 62
62 28
28 67
67 28
28 71
71 28
28 72
72 28
28 75
75 28
28 76
76 28
28 78
78 28
28 79
79 28
28 80
80 28
28 83
83 28
28 86
86 28
28 88
88 28
28 95
95 28
28 96
96 28
28 98
98 28
29 39
39 29
29 43
43 29
29 45
45 29
29 51
51 29
29 53
53 29
29 58
58 29
29 63
63 29
29 65
65 29
29 67
67 29
29 69
69 29
29 70
70 29
29 71
71 29
29 74
74 29
29 81
81 29
29 85
85 29
29 91
91 29
29 92
92 29
29 94
94 29
30 36
36 30
30 40
40 30
30 43
43 30
30 52
52 30
30 63
63 30
30 65
65 30
30 69
69 30
30 72
72 30
30 79
79 30
30 80
80 30
30 86
86 30
30 95
95 30
30 97
97 30
30 99
99 30
31 43
43 31
31 44
44 31
31 47
47 31
31 48
48 31
31 51
51 31
31 55
55 31
31 56
56 31
31 60
60 31
31 61
61 31
31 66
66 31
31 67
67 31
31 69
69 31
31 78
78 31
31 79
79 31
31 80
80 31
31 81
81 31
31 86
86 31
32 34
34 32
32 44
44 32
32 46
46 32
32 47
47 32
32 50
50 32
32 58
58 32
32 59
59 32
32 66
66 32
32 74
74 32
32 83
83 32
32 94
94 32
32 96
96 32
32 97
97 32
32 99
99 32
33 37
37 33
33 42
42 33
33 46
46 33
33 49
49 33
33 50
50 33
33 51
51 33
33 54
54 33
33 55
55 33
33 62
62 33
33 67
67 33
33 73
73 33
33 77
77 33
33 78
78 33
33 79
79 33
33 80
80 33
33 81
81 33
33 84
84 33
33 89
89 33
33 91
91 33
33 96
96 33
34 40
40 34
34 41
41 34
34 42
42 34
34 44
44 34
34 49
49 34
34 52
52 34
34 53
53 34
34 54
54 34
34 55
55 34
34 60
60 34
34 62
62 34
34 65
65 34
34 69
69 34
34 74
74 34
34 76
76 34
34 79
79 34
34 80
80 34
34 83
83 34
34 87
87 34
34 89
89 34
34 90
90 34
34 93
93 34
34 96
96 34
34 97
97 34
34 98
98 34
35 36
36 35
35 42
42 35
35 45
45 35
35 51
51 35
35 53
53 35
35 54
54 35
35 57
57 35
35 58
58 35
35 59
59 35
35 66
66 35
35 72
72 35
35 74
74 35
35 77
77 35
35 78
78 35
35 84
84 35
35 86
86 35
35 88
88 35
35 93
93 35
35 94
94 35
35 97
97 35
35 98
98 35
36 39
39 36
36 44
44 36
36 50
50 36
36 54
54 36
36 55
55 36
36 56
56 36
36 66
66 36
36 74
74 36
36 78
78 36
36 88
88 36
36 89
89 36
36 90
90 36
36 98
98 36
37 40
40 37
37 41
41 37
37 43
43 37
37 46
46 37
37 47
47 37
37 51
51 37
37 54
54 37
37 60
60 37
37 62
62 37
37 68
68 37
37 70
70 37
37 75
75 37
37 78
78 37
37 80
80 37
37 82
82 37
37 83
83 37
37 85
85 37
37 92
92 37
37 94
94 37
37 98
98 37
38 39
39 38
38 41
41 38
38 46
46 38
38 48
48 38
38 49
49 38
38 62
62 38
38 63
63 38
38 71
71 38
38 72
72 38
38 73
73 38
38 74
74 38
38 76
76 38
38 79
79 38
38 82
82 38
38 87
87 38
38 90
90 38
38 93
93 38
38 98
98 38
39 49
49 39
39 50
50 39
39 52
52 39
39 53
53 39
39 60
60 39
39 61
61 39
39 64
64 39
39 65
65 39
39 68
68 39
39 72
72 39
39 75
75 39
39 77
77 39
39 78
78 39
39 81
81 39
39 85
85 39
39 86
86 39
39 87
87 39
39 89
89 39
39 92
92 39
39 93
93 39
39 97
97 39
40 43
43 40
40 48
48 40
40 49
49 40
40 53
53 40
40 54
54 40
40 60
60 40
40 61
61 40
40 63
63 40
40 64
64 40
40 65
65 40
40 69
69 40
40 70
70 40
40 71
71 40
40 74
74 40
40 82
82 40
40 83
83 40
40 86
86 40
40 87
87 40
40 91
91 40
40 94
94 40
40 95
95 40
40 97
97 40
41 42
42 41
41 43
43 41
41 52
52 41
41 54
54 41
41 55
55 41
41 61
61 41
41 75
75 41
41 80
80 41
41 83
83 41
41 92
92 41
41 99
99 41
42 46
46 42
42 48
48 42
42 50
50 42
42 60
60 42
42 61
61 42
42 66
66 42
42 85
85 42
42 87
87 42
42 89
89 42
42 92
92 42
42 93
93 42
42 96
96 42
42 97
97 42
42 98
98 42
43 47
47 43
43 54
54 43
43 55
55 43
43 56
56 43
43 63
63 43
43 66
66 43
43 68
68 43
43 69
69 43
43 72
72 43
43 79
79 43
43 83
83 43
43 84
84 43
43 86
86 43
43 87
87 43
43 89
89 43
43 91
91 43
43 95
95 43
44 46
46 44
44 47
47 44
44 48
48 44
44 50
50 44
44 51
51 44
44 52
52 44
44 54
54 44
44 55
55 44
44 56
56 44
44 59
59 44
44 61
61 44
44 62
62 44
44 67
67 44
44 72
72 44
44 76
76 44
44 77
77 44
44 78
78 44
44 81
81 44
44 86
86 44
44 87
87 44
44 88
88 44
44 90
90 44
44 91
91 44
45 46
46 45
45 51
51 45
45 54
54 45
45 57
57 45
45 63
63 45
45 70
70 45
45 74
74 45
45 75
75 45
45 79
79 45
45 83
83 45
45 89
89 45
45 93
93 45
46 47
47 46
46 54
54 46
46 62
62 46
46 66
66 46
46 75
75 46
46 79
79 46
46 87
87 46
46 89
89 46
46 91
91 46
46 92
92 46
46 93
93 46
47 53
53 47
47 55
55 47
47 57
57 47
47 58
58 47
47 60
60 47
47 66
66 47
47 67
67 47
47 73
73 47
47 76
76 47
47 79
79 47
47 84
84 47
48 50
50 48
48 62
62 48
48 66
66 48
48 69
69 48
48 71
71 48
48 73
73 48
48 74
74 48
48 75
75 48
48 81
81 48
48 82
82 48
48 83
83 48
48 85
85 48
48 87
87 48
48 88
88 48
48 92
92 48
48 95
95 48
49 53
53 49
49 55
55 49
49 59
59 49
49 63
63 49
49 67
67 49
49 68
68 49
49 72
72 49
49 78
78 49
49 82
82 49
49 87
87 49
49 88
88 49
49 89
89 49
49 90
90 49
49 95
95 49
49 97
97 49
50 61
61 50
50 63
63 50
50 65
65 50
50 67
67 50
50 70
70 50
50 72
72 50
50 73
73 50
50 76
76 50
50 80
80 50
50 82
82 50
50 83
83 50
50 85
85 50
50 91
91 50
50 97
97 50
50 98
98 50
50 99
99 50
51 53
53 51
51 54
54 51
51 55
55 51
51 56
56 51
51 72
72 51
51 77
77 51
51 80
80 51
51 83
83 51
51 85
85 51
51 86
86 51
51 87
87 51
51 89
89 51
51 91
91 51
51 93
93 51
52 53
53 52
52 55
55 52
52 56
56 52
52 64
64 52
52 74
74 52
52 78
78 52
52 80
80 52
52 84
84 52
52 85
85 52
52 86
86 52
52 87
87 52
52 88
88 52
52 89
89 52
52 90
90 52
52 91
91 52
52 95
95 52
52 99
99 52
53 54
54 53
53 55
55 53
53 58
58 53
53 59
59 53
53 67
67 53
53 72
72 53
53 74
74 53
53 75
75 53
53 80
80 53
53 81
81 53
53 82
82 53
53 84
84 53
53 85
85 53
53 87
87 53
53 91
91 53
53 93
93 53
53 94
94 53
53 98
98 53
54 59
59 54
54 62
62 54
54 69
69 54
54 72
72 54
54 73
73 54
54 81
81 54
54 91
91 54
54 93
93 54
55 63
63 55
55 65
65 55
55 67
67 55
55 79
79 55
55 82
82 55
55 83
83 55
55 88
88 55
55 89
89 55
55 93
93 55
55 96
96 55
55 97
97 55
56 57
57 56
56 60
60 56
56 61
61 56
56 66
66 56
56 67
67 56
56 71
71 56
56 73
73 56
56 75
75 56
56 77
77 56
56 88
88 56
56 89
89 56
56 91
91 56
56 96
96 56
57 59
59 57
57 62
62 57
57 67
67 57
57 71
71 57
57 74
74 57
57 76
76 57
57 77
77 57
57 78
78 57
57 79
79 57
57 80
80 57
57 96
96 57
57 97
97 57
58 63
63 58
58 67
67 58
58 70
70 58
58 75
75 58
58 76
76 58
58 77
77 58
58 83
83 58
58 85
85 58
58 89
89 58
58 92
92 58
58 93
93 58
58 95
95 58
58 97
97 58
58 98
98 58
58 99
99 58
59 61
61 59
59 62
62 59
59 63
63 59
59 64
64 59
59 66
66 59
59 69
69 59
59 70
70 59
59 71
71 59
59 84
84 59
59 86
86 59
59 89
89 59
59 91
91 59
59 93
93 59
59 94
94 59
60 62
62 60
60 69
69 60
60 72
72 60
60 73
73 60
60 74
74 60
60 79
79 60
60 81
81 60
60 82
82 60
60 85
85 60
60 88
88 60
60 89
89 60
60 95
95 60
60 98
98 60
61 67
67 61
61 69
69 61
61 72
72 61
61 73
73 61
61 74
74 61
61 83
83 61
61 92
92 61
62 67
67 62
62 69
69 62
62 71
71 62
62 73
73 62
62 80
80 62
62 87
87 62
62 96
96 62
63 69
69 63
63 70
70 63
63 73
73 63
63 74
74 63
63 77
77 63
63 84
84 63
63 93
93 63
63 94
94 63
63 95
95 63
64 65
65 64
64 67
67 64
64 69
69 64
64 70
70 64
64 72
72 64
64 80
80 64
64 81
81 64
64 83
83 64
64 90
90 64
64 92
92 64
64 93
93 64
64 96
96 64
65 67
67 65
65 72
72 65
65 76
76 65
65 81
81 65
65 85
85 65
65 89
89 65
65 90
90 65
65 93
93 65
65 96
96 65
65 98
98 65
66 67
67 66
66 72
72 66
66 74
74 66
66 80
80 66
66 81
81 66
66 84
84 66
66 87
87 66
66 90
90 66
66 95
95 66
66 97
97 66
66 98
98 66
67 75
75 67
67 76
76 67
67 81
81 67
67 85
85 67
67 87
87 67
67 89
89 67
67 92
92 67
67 95
95 67
68 70
70 68
68 71
71 68
68 72
72 68
68 75
75 68
68 79
79 68
68 80
80 68
68 82
82 68
68 85
85 68
68 88
88 68
68 90
90 68
69 70
70 69
69 73
73 69
69 78
78 69
69 79
79 69
69 82
82 69
69 84
84 69
69 86
86 69
69 88
88 69
69 91
91 69
69 92
92 69
69 97
97 69
70 73
73 70
70 76
76 70
70 78
78 70
70 87
87 70
70 90
90 70
70 92
92 70
70 93
93 70
70 96
96 70
71 72
72 71
71 74
74 71
71 77
77 71
71 79
79 71
71 84
84 71
71 86
86 71
71 91
91 71
71 92
92 71
71 95
95 71
71 96
96 71
72 79
79 72
72 81
81 72
72 84
84 72
72 90
90 72
72 91
91 72
72 99
99 72
73 77
77 73
73 78
78 73
73 82
82 73
73 84
84 73
73 88
88 73
73 90
90 73
73 94
94 73
74 81
81 74
74 87
87 74
74 91
91 74
74 94
94 74
74 99
99 74
75 78
78 75
75 80
80 75
75 83
83 75
75 88
88 75
75 92
92 75
75 96
96 75
75 97
97 75
76 80
80 76
76 85
85 76
76 87
87 76
76 89
89 76
76 97
97 76
77 81
81 77
77 82
82 77
77 84
84 77
77 85
85 77
77 87
87 77
77 95
95 77
77 96
96 77
77 98
98 77
78 79
79 78
78 83
83 78
78 88
88 78
79 82
82 79
79 84
84 79
79 85
85 79
79 89
89 79
79 90
90 79
79 91
91 79
79 92
92 79
79 97
97 79
80 87
87 80
80 93
93 80
80 97
97 80
81 87
87 81
81 92
92 81
81 93
93 81
81 94
94 81
81 96
96 81
81 98
98 81
82 85
85 82
82 87
87 82
82 90
90 82
82 91
91 82
82 92
92 82
82 93
93 82
82 94
94 82
83 85
85 83
83 87
87 83
83 89
89 83
83 93
93 83
83 94
94 83
83 95
95 83
84 87
87 84
84 89
89 84
84 92
92 84
85 88
88 85
85 91
91 85
85 98
98 85
86 88
88 86
86 89
89 86
86 90
90 86
86 91
91 86
86 93
93 86
86 97
97 86
86 99
99 86
87 90
90 87
87 92
92 87
87 95
95 87
87 99
99 87
88 89
89 88
88 90
90 88
88 93
93 88
88 94
94 88
88 95
95 88
88 96
96 88
89 90
90 89
89 92
92 89
89 94
94 89
89 95
95 89
89 98
98 89
89 99
99 89
90 93
93 90
90 97
97 90
90 98
98 90
91 92
92 91
91 93
93 91
91 95
95 91
91 99
99 91
92 93
93 92
92 97
97 92
92 98
98 92
93 94
94 93
93 99
99 93
94 98
98 94
95 96
96 95
95 99
99 95
96 97
97 96
96 98
98 96
97 98
98 97
98 99
99 98