56 786
0 10
10 0
0 11
11 0
0 12
12 0
0 13
13 0
0 14
14 0
0 15
15 0
1 10
10 1
1 13
13 1
1 14
14 1
2 8
8 2
2 9
9 2
2 11
11 2
2 12
12 2
2 15
15 2
3 8
8 3
3 10
10 3
3 11
11 3
3 13
13 3
4 8
8 4
4 9
9 4
4 10
10 4
4 11
11 4
4 12
12 4
4 13
13 4
4 15
15 4
5 8
8 5
5 9
9 5
5 10
10 5
5 11
11 5
5 13
13 5
5 14
14 5
5 15
15 5
6 8
8 6
6 10
10 6
6 13
13 6
6 14
14 6
7 9
9 7
7 10
10 7
7 11
11 7
7 13
13 7
8 16
16 8
8 17
17 8
8 18
18 8
8 19
19 8
9 16
16 9
9 17
17 9
9 18
18 9
9 19
19 9
10 17
17 10
10 18
18 10
11 16
16 11
11 17
17 11
11 18
18 11
12 16
16 12
12 17
17 12
12 18
18 12
12 19
19 12
13 16
16 13
13 18
18 13
13 19
19 13
14 16
16 14
14 17
17 14
15 16
16 15
15 18
18 15
16 21
21 16
16 23
23 16
17 21
21 17
17 22
22 17
18 21
21 18
18 23
23 18
19 20
20 19
19 21
21 19
19 23
23 19
20 24
24 20
20 25
25 20
20 26
26 20
20 27
27 20
20 28
28 20
20 29
29 20
20 30
30 20
20 31
31 20
20 32
32 20
20 33
33 20
20 34
34 20
20 35
35 20
20 36
36 20
20 37
37 20
20 38
38 20
20 39
39 20
21 24
24 21
21 25
25 21
21 26
26 21
21 27
27 21
21 28
28 21
21 29
29 21
21 30
30 21
21 31
31 21
21 32
32 21
21 33
33 21
21 34
34 21
21 35
35 21
21 36
36 21
21 37
37 21
21 38
38 21
21 39
39 21
22 24
24 22
22 25
25 22
22 26
26 22
22 27
27 22
22 28
28 22
22 29
29 22
22 30
30 22
22 31
31 22
22 32
32 22
22 33
33 22
22 34
34 22
22 35
35 22
22 36
36 22
22 37
37 22
22 38
38 22
22 39
39 22
23 24
24 23
23 25
25 23
23 26
26 23
23 27
27 23
23 28
28 23
23 29
29 23
23 30
30 23
23 31
31 23
23 32
32 23
23 33
33 23
23 34
34 23
23 35
35 23
23 36
36 23
23 37
37 23
23 38
38 23
23 39
39 23
24 40
40 24
24 41
41 24
24 42
42 24
24 43
43 24
24 44
44 24
24 45
45 24
24 46
46 24
24 47
47 24
24 48
48 24
24 49
49 24
24 50
50 24
24 51
51 24
24 52
52 24
24 53
53 24
24 54
54 24
24 55
55 24
25 40
40 25
25 41
41 25
25 42
42 25
25 43
43 25
25 44
44 25
25 45
45 25
25 46
46 25
25 47
47 25
25 48
48 25
25 49
49 25
25 50
50 25
25 51
51 25
25 52
52 25
25 53
53 25
25 54
54 25
25 55
55 25
26 40
40 26
26 41
41 26
26 42
42 26
26 43
43 26
26 44
44 26
26 45
45 26
26 46
46 26
26 47
47 26
26 48
48 26
26 49
49 26
26 50
50 26
26 51
51 26
26 52
52 26
26 53
53 26
26 54
54 26
26 55
55 26
27 40
40 27
27 41
41 27
27 42
42 27
27 43
43 27
27 44
44 27
27 45
45 27
27 46
46 27
27 47
47 27
27 48
48 27
27 49
49 27
27 50
50 27
27 51
51 27
27 52
52 27
27 53
53 27
27 54
54 27
27 55
55 27
28 40
40 28
28 41
41 28
28 42
42 28
28 43
43 28
28 44
44 28
28 45
45 28
28 46
46 28
28 47
47 28
28 48
48 28
28 49
49 28
28 50
50 28
28 51
51 28
28 52
52 28
28 53
53 28
28 54
54 28
28 55
55 28
29 40
40 29
29 41
41 29
29 42
42 29
29 43
43 29
29 44
44 29
29 45
45 29
29 46
46 29
29 47
47 29
29 48
48 29
29 49
49 29
29 50
50 29
29 51
51 29
29 52
52 29
29 53
53 29
29 54
54 29
29 55
55 29
30 40
40 30
30 41
41 30
30 42
42 30
30 43
43 30
30 44
44 30
30 45
45 30
30 46
46 30
30 47
47 30
30 48
48 30
30 49
49 30
30 50
50 30
30 51
51 30
30 52
52 30
30 53
53 30
30 54
54 30
30 55
55 30
31 40
40 31
31 41
41 31
31 42
42 31
31 43
43 31
31 44
44 31
31 45
45 31
31 46
46 31
31 47
47 31
31 48
48 31
31 49
49 31
31 50
50 31
31 51
51 31
31 52
52 31
31 53
53 31
31 54
54 31
31 55
55 31
32 40
40 32
32 41
41 32
32 42
42 32
32 43
43 32
32 44
44 32
32 45
45 32
32 46
46 32
32 47
47 32
32 48
48 32
32 49
49 32
32 50
50 32
32 51
51 32
32 52
52 32
32 53
53 32
32 54
54 32
32 55
55 32
33 40
40 33
33 41
41 33
33 42
42 33
33 43
43 33
33 44
44 33
33 45
45 33
33 46
46 33
33 47
47 33
33 48
48 33
33 49
49 33
33 50
50 33
33 51
51 33
33 52
52 33
33 53
53 33
33 54
54 33
33 55
55 33
34 40
40 34
34 41
41 34
34 42
42 34
34 43
43 34
34 44
44 34
34 45
45 34
34 46
46 34
34 47
47 34
34 48
48 34
34 49
49 34
34 50
50 34
34 51
51 34
34 52
52 34
34 53
53 34
34 54
54 34
34 55
55 34
35 40
40 35
35 41
41 35
35 42
42 35
35 43
43 35
35 44
44 35
35 45
45 35
35 46
46 35
35 47
47 35
35 48
48 35
35 49
49 35
35 50
50 35
35 51
51 35
35 52
52 35
35 53
53 35
35 54
54 35
35 55
55 35
36 40
40 36
36 41
41 36
36 42
42 36
36 43
43 36
36 44
44 36
36 45
45 36
36 46
46 36
36 47
47 36
36 48
48 36
36 49
49 36
36 50
50 36
36 51
51 36
36 52
52 36
36 53
53 36
36 54
54 36
36 55
55 36
37 40
40 37
37 41
41 37
37 42
42 37
37 43
43 37
37 44
44 37
37 45
45 37
37 46
46 37
37 47
47 37
37 48
48 37
37 49
49 37
37 50
50 37
37 51
51 37
37 52
52 37
37 53
53 37
37 54
54 37
37 55
55 37
38 40
40 38
38 41
41 38
38 42
42 38
38 43
43 38
38 44
44 38
38 45
45 38
38 46
46 38
38 47
47 38
38 48
48 38
38 49
49 38
38 50
50 38
38 51
51 38
38 52
52 38
38 53
53 38
38 54
54 38
38 55
55 38
39 40
40 39
39 41
41 39
39 42
42 39
39 43
43 39
39 44
44 39
39 45
45 39
39 46
46 39
39 47
47 39
39 48
48 39
39 49
49 39
39 50
50 39
39 51
51 39
39 52
52 39
39 53
53 39
39 54
54 39
39 55
55 39